
러브*피스 6 46 55 0
메* 5 7 8 12 20 25 37 47 56 58 0
야* 3 4 6 7 10 13 17 53 47 28 0
12*.188 7 17 22 39 53 0
1.*29 3 4 6 7 17 28 33 34 47 55 0
LDJ 51 50 52 15 10 14 16 40 0 
황호세 2 3 5 6 7 10 19 28 0
218.1*4 9 13 21 46 47 48 59 0
1q2**e 7 8 10 13 15 24 35 47 52 0
2**.238 2 18 39 40 42 0
방*재 12 14 15 24 31 46 54 56 52 40 0
Aim*ood 4 8 10 12 15 35 36 51 53 59 0
붕*빵 12 25 35 51 59 6 8 20 26 36 0
자이*츠 6 8 9 10 16 47 52 0
무니 8 31 20 44 4 55 0
김*연 1 3 8 10 29 35 40 36 52 59 0
김*준 3 8 35 40 52 31 20 56 24 15 0
M*L 5 6 8 12 21 23 24 29 47 56 0
rudd**156 8 10 12 34 36 40 45 47 51 59 0
J*n 1 2 6 9 10 20 31 32 43 50 0
2시**분 8 10 16 29 35 36 59 0
제* 6 8 10 15 24 34 35 36 50 59 0
Q_*ay 7 11 15 31 0
*하면서*돌이 2 5 6 8 24 25 35 36 47 53 0
*보 6 7 15 20 32 34 35 36 37 53 0
*****bccc 3 6 7 13 17 22 28 32 34 47 0
*tg921 15 12 13 46 56 49 42 6 2 23 0
피*스 3 5 6 10 21 30 39 42 46 56 0
*Me 2 5 6 7 15 20 23 33 53 56 0
*_Creater 2 3 4 6 7 10 11 13 32 34 0
**뉴우비 5 6 7 13 15 21 32 43 46 53 0
*aadkim 3 5 6 7 13 21 33 34 35 42 0
weeknd*B 7 8 15 32 32 34 35 37 47 53 0
*리밤 2 5 6 7 28 31 32 34 47 53 0
*머리 5 12 44 3 2 42 45 7 46 0
우**깔_에미넴 4 5 6 7 8 9 10 13 20 32 0
*Bboii 7 8 25 29 36 47 0
*린힙*이 2 4 5 6 7 9 13 21 28 32 0
*일러앤*키 46 36 32 25 15 13 10 8 6 5 0
T*B*T 4 8 6 7 32 53 55 47 34 13 0
Y**ng**natra 5 6 8 13 20 22 24 27 43 46 0
Heart*re*_on_a_**ll_Moon 2 3 7 8 9 10 13 27 28 38 0
*돌 3 4 5 6 7 10 11 20 22 55 0
**cro. 5 6 13 20 23 25 34 46 53 56 0
*i*t 2 6 12 15 18 20 23 46 47 56 0
**NJ 2 3 4 5 6 9 10 11 15 28 0
go**as 3 4 5 7 8 9 10 22 32 40 0